100
100

11
27

93
11

72
93

37
27

51
37

69
37

68
72

67
68

83
37

31
68

13
72

39
83

54
83

60
11

34
68

1
68

22
34

59
51

29
54

14
69

28
60

57
31

63
27

56
13

47
56

45
27

49
72

70
37

53
39

38
72

99
29

76
38

9
49

66
69

8
31

50
37

92
37

81
70

25
45

3
59

6
38

35
14

64
3

82
53

19
14

52
9

26
81

94
14

74
60

42
6

4
53

86
6

15
26

2
82

33
66

44
37

10
70

12
10

36
4

61
72

71
53

65
99

97
57

46
8

88
50

30
3

90
93

7
83

89
37

55
88

73
83

16
30

58
69

100
59

43
55

78
74

21
100

20
83

18
97

32
12

5
13

87
49

95
47

80
61

40
60

75
69

62
33

79
64

77
58

41
15

98
63

84
60

23
74

17
42

85
58

96
56

91
81

24
89

48
27

18
97
97

44
71
16

91
100
60

26
45
89

6
40
97

87
70
92

43
65
60

8
56
47

49
12
92

29
100
36

47
69
23

23
12
23

6
2
30

31
79
38

21
37
47

27
23
38

9
17
68

59
25
68

63
25
89

37
53
97

80
51
16

72
74
90

82
31
20

95
61
36

100
82
97

97
60
36

14
69
38

96
27
90

85
41
23

85
77
68

37
8
89

57
80
36

88
13
20

73
60
41

37
11
68

88
7
85

14
73
30

56
20
47

22
5
47

12
41
92

6
29
92

51
85
20

21
25
60

70
97
30

31
85
60

73
73
38

26
86
92

100
41
92

99
14
16

91
25
38

10
82
41

37
33
23

95
5
97

70
74
90

51
56
23

43
80
47

94
6
90

68
5
20

62
55
85

60
45
60

3
7
97

22
43
36

29
90
60

9
59
36

37
9
20

49
4
20

34
49
89

55
68
85

69
30
38

47
89
92

50
91
20

34
64
92

54
93
85

26
53
30

76
89
68

30
37
89

15
22
89

5
29
60

51
49
30

3
95
68

100
44
97

3
29
36

1
82
92

39
60
90

36
35
47

93
16
68

5
30
47

65
86
47

44
36
68

1
39
90

50
90
92

89
93
38

44
45
41

91
83
38

42
70
90

33
62
68

61
18
36

62
82
41

91
26
90

68
78
41

